# time[ms]    val_phen1    state_curr1   val_control1    val_phen2    state_curr2   val_control2
0    9.71618    10    1000    9.71618    7.43236    0    
1    9.71618    10    1000    9.71618    -2.86471    600    
2    9.71618    10    1000    9.71618    1228.03    0    
3    9.71618    10    1000    9.71618    -3664.65    600    
4    9.71618    10    1000    9.71618    12213.4    0    
5    9.71618    10    1000    9.71618    -36620.7    600    
6    9.71618    10    1000    9.71618    111081    0    
7    9.71618    10    1000    9.71618    -333225    600    
8    9.71618    10    1000    9.71618    1.00089e+006    0    
9    9.71618    10    1000    9.71618    -3.00266e+006    600    
10    9.71618    10    1000    9.71618    9.00921e+006    0    
11    9.71618    10    1000    9.71618    -2.70276e+007    600    
12    9.71618    10    1000    9.71618    8.10841e+007    0    
13    9.71618    10    1000    9.71618    -2.43252e+008    600    
14    9.71618    10    1000    9.71618    7.29758e+008    0    
15    9.71618    10    1000    9.71618    -2.18927e+009    600    
16    9.71618    10    1000    9.71618    6.56782e+009    0    
17    9.71618    10    1000    9.71618    -1.97035e+010    600    
18    9.71618    10    1000    9.71618    5.91104e+010    0    
19    9.71618    10    1000    9.71618    -1.77331e+011    600    
20    9.71618    10    1000    9.71618    5.31994e+011    0    
21    9.71618    10    1000    9.71618    -1.59598e+012    600    
22    9.71618    10    1000    9.71618    4.78794e+012    0    
23    9.71618    10    1000    9.71618    -1.43638e+013    600    
24    9.71618    10    1000    9.71618    4.30915e+013    0    
25    9.71618    10    1000    9.71618    -1.29274e+014    600    
26    9.71618    10    1000    9.71618    3.87823e+014    0    
27    9.71618    10    1000    9.71618    -1.16347e+015    600    
28    9.71618    10    1000    9.71618    3.49041e+015    0    
29    9.71618    10    1000    9.71618    -1.04712e+016    600    
30    9.71618    10    1000    9.71618    3.14137e+016    0    
31    9.71618    10    1000    9.71618    -9.42411e+016    600    
32    9.71618    10    1000    9.71618    2.82723e+017    0    
33    9.71618    10    1000    9.71618    -8.4817e+017    600    
34    9.71618    10    1000    9.71618    2.54451e+018    0    
35    9.71618    10    1000    9.71618    -7.63353e+018    600    
36    9.71618    10    1000    9.71618    2.29006e+019    0    
37    9.71618    10    1000    9.71618    -6.87017e+019    600    
38    9.71618    10    1000    9.71618    2.06105e+020    0    
39    9.71618    10    1000    9.71618    -6.18316e+020    600    
40    9.71618    10    1000    9.71618    1.85495e+021    0    
41    9.71618    10    1000    9.71618    -5.56484e+021    600    
42    9.71618    10    1000    9.71618    1.66945e+022    0    
43    9.71618    10    1000    9.71618    -5.00836e+022    600    
44    9.71618    10    1000    9.71618    1.50251e+023    0    
45    9.71618    10    1000    9.71618    -4.50752e+023    600    
46    9.71618    10    1000    9.71618    1.35226e+024    0    
47    9.71618    10    1000    9.71618    -4.05677e+024    600    
48    9.71618    10    1000    9.71618    1.21703e+025    0    
49    9.71618    10    1000    9.71618    -3.65109e+025    600    
50    9.71618    10    1000    9.71618    1.09533e+026    0    
51    9.71618    10    1000    9.71618    -3.28598e+026    600    
52    9.71618    10    1000    9.71618    9.85795e+026    0    
53    9.71618    10    1000    9.71618    -2.95738e+027    600    
54    9.71618    10    1000    9.71618    8.87215e+027    0    
55    9.71618    10    1000    9.71618    -2.66165e+028    600    
56    9.71618    10    1000    9.71618    7.98494e+028    0    
57    9.71618    10    1000    9.71618    -2.39548e+029    600    
58    9.71618    10    1000    9.71618    7.18644e+029    0    
59    9.71618    10    1000    9.71618    -2.15593e+030    600    
60    9.71618    10    1000    9.71618    6.4678e+030    0    
61    9.71618    10    1000    9.71618    -1.94034e+031    600    
62    9.71618    10    1000    9.71618    5.82102e+031    0    
63    9.71618    10    1000    9.71618    -1.74631e+032    600    
64    9.71618    10    1000    9.71618    5.23892e+032    0    
65    9.71618    10    1000    9.71618    -1.57168e+033    600    
66    9.71618    10    1000    9.71618    4.71503e+033    0    
67    9.71618    10    1000    9.71618    -1.41451e+034    600    
68    9.71618    10    1000    9.71618    4.24352e+034    0    
69    9.71618    10    1000    9.71618    -1.27306e+035    600    
70    9.71618    10    1000    9.71618    3.81917e+035    0    
71    9.71618    10    1000    9.71618    -1.14575e+036    600    
72    9.71618    10    1000    9.71618    3.43725e+036    0    
73    9.71618    10    1000    9.71618    -1.03118e+037    600    
74    9.71618    10    1000    9.71618    3.09353e+037    0    
75    9.71618    10    1000    9.71618    -9.28059e+037    600    
76    9.71618    10    1000    9.71618    2.78418e+038    0    
77    9.71618    10    1000    9.71618    -8.35253e+038    600    
78    9.71618    10    1000    9.71618    2.50576e+039    0    
79    9.71618    10    1000    9.71618    -7.51727e+039    600    
80    9.71618    10    1000    9.71618    2.25518e+040    0    
81    9.71618    10    1000    9.71618    -6.76555e+040    600    
82    9.71618    10    1000    9.71618    2.02966e+041    0    
83    9.71618    10    1000    9.71618    -6.08899e+041    600    
84    9.71618    10    1000    9.71618    1.8267e+042    0    
85    9.71618    10    1000    9.71618    -5.48009e+042    600    
86    9.71618    10    1000    9.71618    1.64403e+043    0    
87    9.71618    10    1000    9.71618    -4.93208e+043    600    
88    9.71618    10    1000    9.71618    1.47963e+044    0    
89    9.71618    10    1000    9.71618    -4.43888e+044    600    
90    9.71618    10    1000    9.71618    1.33166e+045    0    
91    9.71618    10    1000    9.71618    -3.99499e+045    600    
92    9.71618    10    1000    9.71618    1.1985e+046    0    
93    9.71618    10    1000    9.71618    -3.59549e+046    600    
94    9.71618    10    1000    9.71618    1.07865e+047    0    
95    9.71618    10    1000    9.71618    -3.23594e+047    600    
96    9.71618    10    1000    9.71618    9.70782e+047    0    
97    9.71618    10    1000    9.71618    -2.91235e+048    600    
98    9.71618    10    1000    9.71618    8.73704e+048    0    
99    9.71618    10    1000    9.71618    -2.62111e+049    600    
100    9.71618    10    1000    9.71618    7.86333e+049    0    
101    9.71618    10    1000    9.71618    -2.359e+050    600    
102    9.71618    10    1000    9.71618    7.077e+050    0    
103    9.71618    10    1000    9.71618    -2.1231e+051    600    
104    9.71618    10    1000    9.71618    6.3693e+051    0    
105    9.71618    10    1000    9.71618    -1.91079e+052    600    
106    9.71618    10    1000    9.71618    5.73237e+052    0    
107    9.71618    10    1000    9.71618    -1.71971e+053    600    
108    9.71618    10    1000    9.71618    5.15913e+053    0    
109    9.71618    10    1000    9.71618    -1.54774e+054    600    
110    9.71618    10    1000    9.71618    4.64322e+054    0    
111    9.71618    10    1000    9.71618    -1.39297e+055    600    
112    9.71618    10    1000    9.71618    4.1789e+055    0    
113    9.71618    10    1000    9.71618    -1.25367e+056    600    
114    9.71618    10    1000    9.71618    3.76101e+056    0    
115    9.71618    10    1000    9.71618    -1.1283e+057    600    
116    9.71618    10    1000    9.71618    3.38491e+057    0    
117    9.71618    10    1000    9.71618    -1.01547e+058    600    
118    9.71618    10    1000    9.71618    3.04642e+058    0    
119    9.71618    10    1000    9.71618    -9.13925e+058    600    
120    9.71618    10    1000    9.71618    2.74178e+059    0    
121    9.71618    10    1000    9.71618    -8.22533e+059    600    
122    9.71618    10    1000    9.71618    2.4676e+060    0    
123    9.71618    10    1000    9.71618    -7.40279e+060    600    
124    9.71618    10    1000    9.71618    2.22084e+061    0    
125    9.71618    10    1000    9.71618    -6.66251e+061    600    
126    9.71618    10    1000    9.71618    1.99875e+062    0    
127    9.71618    10    1000    9.71618    -5.99626e+062    600    
128    9.71618    10    1000    9.71618    1.79888e+063    0    
129    9.71618    10    1000    9.71618    -5.39664e+063    600    
130    9.71618    10    1000    9.71618    1.61899e+064    0    
131    9.71618    10    1000    9.71618    -4.85697e+064    600    
132    9.71618    10    1000    9.71618    1.45709e+065    0    
133    9.71618    10    1000    9.71618    -4.37128e+065    600    
134    9.71618    10    1000    9.71618    1.31138e+066    0    
135    9.71618    10    1000    9.71618    -3.93415e+066    600    
136    9.71618    10    1000    9.71618    1.18024e+067    0    
137    9.71618    10    1000    9.71618    -3.54073e+067    600    
138    9.71618    10    1000    9.71618    1.06222e+068    0    
139    9.71618    10    1000    9.71618    -3.18666e+068    600    
140    9.71618    10    1000    9.71618    9.55998e+068    0    
141    9.71618    10    1000    9.71618    -2.86799e+069    600    
142    9.71618    10    1000    9.71618    8.60398e+069    0    
143    9.71618    10    1000    9.71618    -2.58119e+070    600    
144    9.71618    10    1000    9.71618    7.74358e+070    0    
145    9.71618    10    1000    9.71618    -2.32307e+071    600    
146    9.71618    10    1000    9.71618    6.96922e+071    0    
147    9.71618    10    1000    9.71618    -2.09077e+072    600    
148    9.71618    10    1000    9.71618    6.2723e+072    0    
149    9.71618    10    1000    9.71618    -1.88169e+073    600    
150    9.71618    10    1000    9.71618    5.64507e+073    0    
151    9.71618    10    1000    9.71618    -1.69352e+074    600    
152    9.71618    10    1000    9.71618    5.08056e+074    0    
153    9.71618    10    1000    9.71618    -1.52417e+075    600    
154    9.71618    10    1000    9.71618    4.57251e+075    0    
155    9.71618    10    1000    9.71618    -1.37175e+076    600    
156    9.71618    10    1000    9.71618    4.11526e+076    0    
157    9.71618    10    1000    9.71618    -1.23458e+077    600    
158    9.71618    10    1000    9.71618    3.70373e+077    0    
159    9.71618    10    1000    9.71618    -1.11112e+078    600    
160    9.71618    10    1000    9.71618    3.33336e+078    0    
161    9.71618    10    1000    9.71618    -1.00001e+079    600    
162    9.71618    10    1000    9.71618    3.00002e+079    0    
163    9.71618    10    1000    9.71618    -9.00007e+079    600    
164    9.71618    10    1000    9.71618    2.70002e+080    0    
165    9.71618    10    1000    9.71618    -8.10006e+080    600    
166    9.71618    10    1000    9.71618    2.43002e+081    0    
167    9.71618    10    1000    9.71618    -7.29006e+081    600    
168    9.71618    10    1000    9.71618    2.18702e+082    0    
169    9.71618    10    1000    9.71618    -6.56105e+082    600    
170    9.71618    10    1000    9.71618    1.96831e+083    0    
171    9.71618    10    1000    9.71618    -5.90494e+083    600    
172    9.71618    10    1000    9.71618    1.77148e+084    0    
173    9.71618    10    1000    9.71618    -5.31445e+084    600    
174    9.71618    10    1000    9.71618    1.59434e+085    0    
175    9.71618    10    1000    9.71618    -4.78301e+085    600    
176    9.71618    10    1000    9.71618    1.4349e+086    0    
177    9.71618    10    1000    9.71618    -4.3047e+086    600    
178    9.71618    10    1000    9.71618    1.29141e+087    0    
179    9.71618    10    1000    9.71618    -3.87423e+087    600    
180    9.71618    10    1000    9.71618    1.16227e+088    0    
181    9.71618    10    1000    9.71618    -3.48681e+088    600    
182    9.71618    10    1000    9.71618    1.04604e+089    0    
183    9.71618    10    1000    9.71618    -3.13813e+089    600    
184    9.71618    10    1000    9.71618    9.41439e+089    0    
185    9.71618    10    1000    9.71618    -2.82432e+090    600    
186    9.71618    10    1000    9.71618    8.47295e+090    0    
187    9.71618    10    1000    9.71618    -2.54189e+091    600    
188    9.71618    10    1000    9.71618    7.62566e+091    0    
189    9.71618    10    1000    9.71618    -2.2877e+092    600    
190    9.71618    10    1000    9.71618    6.86309e+092    0    
191    9.71618    10    1000    9.71618    -2.05893e+093    600    
192    9.71618    10    1000    9.71618    6.17678e+093    0    
193    9.71618    10    1000    9.71618    -1.85303e+094    600    
194    9.71618    10    1000    9.71618    5.5591e+094    0    
195    9.71618    10    1000    9.71618    -1.66773e+095    600    
196    9.71618    10    1000    9.71618    5.00319e+095    0    
197    9.71618    10    1000    9.71618    -1.50096e+096    600    
198    9.71618    10    1000    9.71618    4.50287e+096    0    
199    9.71618    10    1000    9.71618    -1.35086e+097    600    
200    9.71618    10    1000    9.71618    4.05259e+097    0    
201    9.71618    10    1000    9.71618    -1.21578e+098    600    
202    9.71618    10    1000    9.71618    3.64733e+098    0    
203    9.71618    10    1000    9.71618    -1.0942e+099    600    
204    9.71618    10    1000    9.71618    3.28259e+099    0    
205    9.71618    10    1000    9.71618    -9.84778e+099    600    
206    9.71618    10    1000    9.71618    2.95434e+100    0    
207    9.71618    10    1000    9.71618    -8.86301e+100    600    
208    9.71618    10    1000    9.71618    2.6589e+101    0    
209    9.71618    10    1000    9.71618    -7.9767e+101    600    
210    9.71618    10    1000    9.71618    2.39301e+102    0    
211    9.71618    10    1000    9.71618    -7.17903e+102    600    
212    9.71618    10    1000    9.71618    2.15371e+103    0    
213    9.71618    10    1000    9.71618    -6.46113e+103    600    
214    9.71618    10    1000    9.71618    1.93834e+104    0    
215    9.71618    10    1000    9.71618    -5.81502e+104    600    
216    9.71618    10    1000    9.71618    1.74451e+105    0    
217    9.71618    10    1000    9.71618    -5.23352e+105    600    
218    9.71618    10    1000    9.71618    1.57005e+106    0    
219    9.71618    10    1000    9.71618    -4.71016e+106    600    
220    9.71618    10    1000    9.71618    1.41305e+107    0    
221    9.71618    10    1000    9.71618    -4.23915e+107    600    
222    9.71618    10    1000    9.71618    1.27174e+108    0    
223    9.71618    10    1000    9.71618    -3.81523e+108    600    
224    9.71618    10    1000    9.71618    1.14457e+109    0    
225    9.71618    10    1000    9.71618    -3.43371e+109    600    
226    9.71618    10    1000    9.71618    1.03011e+110    0    
227    9.71618    10    1000    9.71618    -3.09034e+110    600    
228    9.71618    10    1000    9.71618    9.27102e+110    0    
229    9.71618    10    1000    9.71618    -2.78131e+111    600    
230    9.71618    10    1000    9.71618    8.34392e+111    0    
231    9.71618    10    1000    9.71618    -2.50317e+112    600    
232    9.71618    10    1000    9.71618    7.50952e+112    0    
233    9.71618    10    1000    9.71618    -2.25286e+113    600    
234    9.71618    10    1000    9.71618    6.75857e+113    0    
235    9.71618    10    1000    9.71618    -2.02757e+114    600    
236    9.71618    10    1000    9.71618    6.08271e+114    0    
237    9.71618    10    1000    9.71618    -1.82481e+115    600    
238    9.71618    10    1000    9.71618    5.47444e+115    0    
239    9.71618    10    1000    9.71618    -1.64233e+116    600    
240    9.71618    10    1000    9.71618    4.927e+116    0    
241    9.71618    10    1000    9.71618    -1.4781e+117    600    
242    9.71618    10    1000    9.71618    4.4343e+117    0    
243    9.71618    10    1000    9.71618    -1.33029e+118    600    
244    9.71618    10    1000    9.71618    3.99087e+118    0    
245    9.71618    10    1000    9.71618    -1.19726e+119    600    
246    9.71618    10    1000    9.71618    3.59178e+119    0    
247    9.71618    10    1000    9.71618    -1.07753e+120    600    
248    9.71618    10    1000    9.71618    3.2326e+120    0    
249    9.71618    10    1000    9.71618    -9.69781e+120    600    
250    9.71618    10    1000    9.71618    2.90934e+121    0    
251    9.71618    10    1000    9.71618    -8.72803e+121    600    
252    9.71618    10    1000    9.71618    2.61841e+122    0    
253    9.71618    10    1000    9.71618    -7.85523e+122    600    
254    9.71618    10    1000    9.71618    2.35657e+123    0    
255    9.71618    10    1000    9.71618    -7.0697e+123    600    
256    9.71618    10    1000    9.71618    2.12091e+124    0    
257    9.71618    10    1000    9.71618    -6.36273e+124    600    
258    9.71618    10    1000    9.71618    1.90882e+125    0    
259    9.71618    10    1000    9.71618    -5.72646e+125    600    
260    9.71618    10    1000    9.71618    1.71794e+126    0    
261    9.71618    10    1000    9.71618    -5.15381e+126    600    
262    9.71618    10    1000    9.71618    1.54614e+127    0    
263    9.71618    10    1000    9.71618    -4.63843e+127    600    
264    9.71618    10    1000    9.71618    1.39153e+128    0    
265    9.71618    10    1000    9.71618    -4.17459e+128    600    
266    9.71618    10    1000    9.71618    1.25238e+129    0    
267    9.71618    10    1000    9.71618    -3.75713e+129    600    
268    9.71618    10    1000    9.71618    1.12714e+130    0    
269    9.71618    10    1000    9.71618    -3.38142e+130    600    
270    9.71618    10    1000    9.71618    1.01443e+131    0    
271    9.71618    10    1000    9.71618    -3.04328e+131    600    
272    9.71618    10    1000    9.71618    9.12983e+131    0    
273    9.71618    10    1000    9.71618    -2.73895e+132    600    
274    9.71618    10    1000    9.71618    8.21684e+132    0    
275    9.71618    10    1000    9.71618    -2.46505e+133    600    
276    9.71618    10    1000    9.71618    7.39516e+133    0    
277    9.71618    10    1000    9.71618    -2.21855e+134    600    
278    9.71618    10    1000    9.71618    6.65564e+134    0    
279    9.71618    10    1000    9.71618    -1.99669e+135    600    
280    9.71618    10    1000    9.71618    5.99008e+135    0    
281    9.71618    10    1000    9.71618    -1.79702e+136    600    
282    9.71618    10    1000    9.71618    5.39107e+136    0    
283    9.71618    10    1000    9.71618    -1.61732e+137    600    
284    9.71618    10    1000    9.71618    4.85196e+137    0    
285    9.71618    10    1000    9.71618    -1.45559e+138    600    
286    9.71618    10    1000    9.71618    4.36677e+138    0    
287    9.71618    10    1000    9.71618    -1.31003e+139    600    
288    9.71618    10    1000    9.71618    3.93009e+139    0    
289    9.71618    10    1000    9.71618    -1.17903e+140    600    
290    9.71618    10    1000    9.71618    3.53708e+140    0    
291    9.71618    10    1000    9.71618    -1.06112e+141    600    
292    9.71618    10    1000    9.71618    3.18337e+141    0    
293    9.71618    10    1000    9.71618    -9.55012e+141    600    
294    9.71618    10    1000    9.71618    2.86504e+142    0    
295    9.71618    10    1000    9.71618    -8.59511e+142    600    
296    9.71618    10    1000    9.71618    2.57853e+143    0    
297    9.71618    10    1000    9.71618    -7.7356e+143    600    
298    9.71618    10    1000    9.71618    2.32068e+144    0    
299    9.71618    10    1000    9.71618    -6.96204e+144    600    
300    9.71618    10    1000    9.71618    2.08861e+145    0    
301    9.71618    10    1000    9.71618    -6.26584e+145    600    
302    9.71618    10    1000    9.71618    1.87975e+146    0    
303    9.71618    10    1000    9.71618    -5.63925e+146    600    
304    9.71618    10    1000    9.71618    1.69178e+147    0    
305    9.71618    10    1000    9.71618    -5.07533e+147    600    
306    9.71618    10    1000    9.71618    1.5226e+148    0    
307    9.71618    10    1000    9.71618    -4.56779e+148    600    
308    9.71618    10    1000    9.71618    1.37034e+149    0    
309    9.71618    10    1000    9.71618    -4.11101e+149    600    
310    9.71618    10    1000    9.71618    1.2333e+150    0    
311    9.71618    10    1000    9.71618    -3.69991e+150    600    
312    9.71618    10    1000    9.71618    1.10997e+151    0    
313    9.71618    10    1000    9.71618    -3.32992e+151    600    
314    9.71618    10    1000    9.71618    9.98977e+151    0    
315    9.71618    10    1000    9.71618    -2.99693e+152    600    
316    9.71618    10    1000    9.71618    8.99079e+152    0    
317    9.71618    10    1000    9.71618    -2.69724e+153    600    
318    9.71618    10    1000    9.71618    8.09171e+153    0    
319    9.71618    10    1000    9.71618    -2.42751e+154    600    
320    9.71618    10    1000    9.71618    7.28254e+154    0    
321    9.71618    10    1000    9.71618    -2.18476e+155    600    
322    9.71618    10    1000    9.71618    6.55428e+155    0    
323    9.71618    10    1000    9.71618    -1.96629e+156    600    
324    9.71618    10    1000    9.71618    5.89886e+156    0    
325    9.71618    10    1000    9.71618    -1.76966e+157    600    
326    9.71618    10    1000    9.71618    5.30897e+157    0    
327    9.71618    10    1000    9.71618    -1.59269e+158    600    
328    9.71618    10    1000    9.71618    4.77807e+158    0    
329    9.71618    10    1000    9.71618    -1.43342e+159    600    
330    9.71618    10    1000    9.71618    4.30027e+159    0    
331    9.71618    10    1000    9.71618    -1.29008e+160    600    
332    9.71618    10    1000    9.71618    3.87024e+160    0    
333    9.71618    10    1000    9.71618    -1.16107e+161    600    
334    9.71618    10    1000    9.71618    3.48322e+161    0    
335    9.71618    10    1000    9.71618    -1.04496e+162    600    
336    9.71618    10    1000    9.71618    3.13489e+162    0    
337    9.71618    10    1000    9.71618    -9.40468e+162    600    
338    9.71618    10    1000    9.71618    2.8214e+163    0    
339    9.71618    10    1000    9.71618    -8.46421e+163    600    
340    9.71618    10    1000    9.71618    2.53926e+164    0    
341    9.71618    10    1000    9.71618    -7.61779e+164    600    
342    9.71618    10    1000    9.71618    2.28534e+165    0    
343    9.71618    10    1000    9.71618    -6.85601e+165    600    
344    9.71618    10    1000    9.71618    2.0568e+166    0    
345    9.71618    10    1000    9.71618    -6.17041e+166    600    
346    9.71618    10    1000    9.71618    1.85112e+167    0    
347    9.71618    10    1000    9.71618    -5.55337e+167    600    
348    9.71618    10    1000    9.71618    1.66601e+168    0    
349    9.71618    10    1000    9.71618    -4.99803e+168    600    
350    9.71618    10    1000    9.71618    1.49941e+169    0    
351    9.71618    10    1000    9.71618    -4.49823e+169    600    
352    9.71618    10    1000    9.71618    1.34947e+170    0    
353    9.71618    10    1000    9.71618    -4.04841e+170    600    
354    9.71618    10    1000    9.71618    1.21452e+171    0    
355    9.71618    10    1000    9.71618    -3.64357e+171    600    
356    9.71618    10    1000    9.71618    1.09307e+172    0    
357    9.71618    10    1000    9.71618    -3.27921e+172    600    
358    9.71618    10    1000    9.71618    9.83763e+172    0    
359    9.71618    10    1000    9.71618    -2.95129e+173    600    
360    9.71618    10    1000    9.71618    8.85387e+173    0    
361    9.71618    10    1000    9.71618    -2.65616e+174    600    
362    9.71618    10    1000    9.71618    7.96848e+174    0    
363    9.71618    10    1000    9.71618    -2.39054e+175    600    
364    9.71618    10    1000    9.71618    7.17163e+175    0    
365    9.71618    10    1000    9.71618    -2.15149e+176    600    
366    9.71618    10    1000    9.71618    6.45447e+176    0    
367    9.71618    10    1000    9.71618    -1.93634e+177    600    
368    9.71618    10    1000    9.71618    5.80902e+177    0    
369    9.71618    10    1000    9.71618    -1.74271e+178    600    
370    9.71618    10    1000    9.71618    5.22812e+178    0    
371    9.71618    10    1000    9.71618    -1.56844e+179    600    
372    9.71618    10    1000    9.71618    4.70531e+179    0    
373    9.71618    10    1000    9.71618    -1.41159e+180    600    
374    9.71618    10    1000    9.71618    4.23478e+180    0    
375    9.71618    10    1000    9.71618    -1.27043e+181    600    
376    9.71618    10    1000    9.71618    3.8113e+181    0    
377    9.71618    10    1000    9.71618    -1.14339e+182    600    
378    9.71618    10    1000    9.71618    3.43017e+182    0    
379    9.71618    10    1000    9.71618    -1.02905e+183    600    
380    9.71618    10    1000    9.71618    3.08715e+183    0    
381    9.71618    10    1000    9.71618    -9.26146e+183    600    
382    9.71618    10    1000    9.71618    2.77844e+184    0    
383    9.71618    10    1000    9.71618    -8.33531e+184    600    
384    9.71618    10    1000    9.71618    2.50059e+185    0    
385    9.71618    10    1000    9.71618    -7.50178e+185    600    
386    9.71618    10    1000    9.71618    2.25053e+186    0    
387    9.71618    10    1000    9.71618    -6.7516e+186    600    
388    9.71618    10    1000    9.71618    2.02548e+187    0    
389    9.71618    10    1000    9.71618    -6.07644e+187    600    
390    9.71618    10    1000    9.71618    1.82293e+188    0    
391    9.71618    10    1000    9.71618    -5.4688e+188    600    
392    9.71618    10    1000    9.71618    1.64064e+189    0    
393    9.71618    10    1000    9.71618    -4.92192e+189    600    
394    9.71618    10    1000    9.71618    1.47658e+190    0    
395    9.71618    10    1000    9.71618    -4.42973e+190    600    
396    9.71618    10    1000    9.71618    1.32892e+191    0    
397    9.71618    10    1000    9.71618    -3.98675e+191    600    
398    9.71618    10    1000    9.71618    1.19603e+192    0    
399    9.71618    10    1000    9.71618    -3.58808e+192    600    
400    9.71618    10    1000    9.71618    1.07642e+193    0    
401    9.71618    10    1000    9.71618    -3.22927e+193    600    
402    9.71618    10    1000    9.71618    9.68781e+193    0    
403    9.71618    10    1000    9.71618    -2.90634e+194    600    
404    9.71618    10    1000    9.71618    8.71903e+194    0    
405    9.71618    10    1000    9.71618    -2.61571e+195    600    
406    9.71618    10    1000    9.71618    7.84713e+195    0    
407    9.71618    10    1000    9.71618    -2.35414e+196    600    
408    9.71618    10    1000    9.71618    7.06241e+196    0    
409    9.71618    10    1000    9.71618    -2.11872e+197    600    
410    9.71618    10    1000    9.71618    6.35617e+197    0    
411    9.71618    10    1000    9.71618    -1.90685e+198    600    
412    9.71618    10    1000    9.71618    5.72056e+198    0    
413    9.71618    10    1000    9.71618    -1.71617e+199    600    
414    9.71618    10    1000    9.71618    5.1485e+199    0    
415    9.71618    10    1000    9.71618    -1.54455e+200    600    
416    9.71618    10    1000    9.71618    4.63365e+200    0    
417    9.71618    10    1000    9.71618    -1.3901e+201    600    
418    9.71618    10    1000    9.71618    4.17029e+201    0    
419    9.71618    10    1000    9.71618    -1.25109e+202    600    
420    9.71618    10    1000    9.71618    3.75326e+202    0    
421    9.71618    10    1000    9.71618    -1.12598e+203    600    
422    9.71618    10    1000    9.71618    3.37793e+203    0    
423    9.71618    10    1000    9.71618    -1.01338e+204    600    
424    9.71618    10    1000    9.71618    3.04014e+204    0    
425    9.71618    10    1000    9.71618    -9.12041e+204    600    
426    9.71618    10    1000    9.71618    2.73612e+205    0    
427    9.71618    10    1000    9.71618    -8.20837e+205    600    
428    9.71618    10    1000    9.71618    2.46251e+206    0    
429    9.71618    10    1000    9.71618    -7.38754e+206    600    
430    9.71618    10    1000    9.71618    2.21626e+207    0    
431    9.71618    10    1000    9.71618    -6.64878e+207    600    
432    9.71618    10    1000    9.71618    1.99463e+208    0    
433    9.71618    10    1000    9.71618    -5.9839e+208    600    
434    9.71618    10    1000    9.71618    1.79517e+209    0    
435    9.71618    10    1000    9.71618    -5.38551e+209    600    
436    9.71618    10    1000    9.71618    1.61565e+210    0    
437    9.71618    10    1000    9.71618    -4.84696e+210    600    
438    9.71618    10    1000    9.71618    1.45409e+211    0    
439    9.71618    10    1000    9.71618    -4.36227e+211    600    
440    9.71618    10    1000    9.71618    1.30868e+212    0    
441    9.71618    10    1000    9.71618    -3.92604e+212    600    
442    9.71618    10    1000    9.71618    1.17781e+213    0    
443    9.71618    10    1000    9.71618    -3.53344e+213    600    
444    9.71618    10    1000    9.71618    1.06003e+214    0    
445    9.71618    10    1000    9.71618    -3.18009e+214    600    
446    9.71618    10    1000    9.71618    9.54028e+214    0    
447    9.71618    10    1000    9.71618    -2.86208e+215    600    
448    9.71618    10    1000    9.71618    8.58625e+215    0    
449    9.71618    10    1000    9.71618    -2.57587e+216    600    
450    9.71618    10    1000    9.71618    7.72762e+216    0    
451    9.71618    10    1000    9.71618    -2.31829e+217    600    
452    9.71618    10    1000    9.71618    6.95486e+217    0    
453    9.71618    10    1000    9.71618    -2.08646e+218    600    
454    9.71618    10    1000    9.71618    6.25937e+218    0    
455    9.71618    10    1000    9.71618    -1.87781e+219    600    
456    9.71618    10    1000    9.71618    5.63344e+219    0    
457    9.71618    10    1000    9.71618    -1.69003e+220    600    
458    9.71618    10    1000    9.71618    5.07009e+220    0    
459    9.71618    10    1000    9.71618    -1.52103e+221    600    
460    9.71618    10    1000    9.71618    4.56308e+221    0    
461    9.71618    10    1000    9.71618    -1.36893e+222    600    
462    9.71618    10    1000    9.71618    4.10678e+222    0    
463    9.71618    10    1000    9.71618    -1.23203e+223    600    
464    9.71618    10    1000    9.71618    3.6961e+223    0    
465    9.71618    10    1000    9.71618    -1.10883e+224    600    
466    9.71618    10    1000    9.71618    3.32649e+224    0    
467    9.71618    10    1000    9.71618    -9.97946e+224    600    
468    9.71618    10    1000    9.71618    2.99384e+225    0    
469    9.71618    10    1000    9.71618    -8.98152e+225    600    
470    9.71618    10    1000    9.71618    2.69446e+226    0    
471    9.71618    10    1000    9.71618    -8.08337e+226    600    
472    9.71618    10    1000    9.71618    2.42501e+227    0    
473    9.71618    10    1000    9.71618    -7.27503e+227    600    
474    9.71618    10    1000    9.71618    2.18251e+228    0    
475    9.71618    10    1000    9.71618    -6.54753e+228    600    
476    9.71618    10    1000    9.71618    1.96426e+229    0    
477    9.71618    10    1000    9.71618    -5.89277e+229    600    
478    9.71618    10    1000    9.71618    1.76783e+230    0    
479    9.71618    10    1000    9.71618    -5.3035e+230    600    
480    9.71618    10    1000    9.71618    1.59105e+231    0    
481    9.71618    10    1000    9.71618    -4.77315e+231    600    
482    9.71618    10    1000    9.71618    1.43194e+232    0    
483    9.71618    10    1000    9.71618    -4.29583e+232    600    
484    9.71618    10    1000    9.71618    1.28875e+233    0    
485    9.71618    10    1000    9.71618    -3.86625e+233    600    
486    9.71618    10    1000    9.71618    1.15987e+234    0    
487    9.71618    10    1000    9.71618    -3.47962e+234    600    
488    9.71618    10    1000    9.71618    1.04389e+235    0    
489    9.71618    10    1000    9.71618    -3.13166e+235    600    
490    9.71618    10    1000    9.71618    9.39499e+235    0    
491    9.71618    10    1000    9.71618    -2.8185e+236    600    
492    9.71618    10    1000    9.71618    8.45549e+236    0    
493    9.71618    10    1000    9.71618    -2.53665e+237    600    
494    9.71618    10    1000    9.71618    7.60994e+237    0    
495    9.71618    10    1000    9.71618    -2.28298e+238    600    
496    9.71618    10    1000    9.71618    6.84894e+238    0    
497    9.71618    10    1000    9.71618    -2.05468e+239    600    
498    9.71618    10    1000    9.71618    6.16405e+239    0    
499    9.71618    10    1000    9.71618    -1.84921e+240    600    
500    9.71618    10    1000    9.71618    5.54764e+240    0    
501    9.71618    10    1000    9.71618    -1.66429e+241    600    
502    9.71618    10    1000    9.71618    4.99288e+241    0    
503    9.71618    10    1000    9.71618    -1.49786e+242    600    
504    9.71618    10    1000    9.71618    4.49359e+242    0    
505    9.71618    10    1000    9.71618    -1.34808e+243    600    
506    9.71618    10    1000    9.71618    4.04423e+243    0    
507    9.71618    10    1000    9.71618    -1.21327e+244    600    
508    9.71618    10    1000    9.71618    3.63981e+244    0    
509    9.71618    10    1000    9.71618    -1.09194e+245    600    
510    9.71618    10    1000    9.71618    3.27583e+245    0    
511    9.71618    10    1000    9.71618    -9.82749e+245    600    
512    9.71618    10    1000    9.71618    2.94825e+246    0    
513    9.71618    10    1000    9.71618    -8.84474e+246    600    
514    9.71618    10    1000    9.71618    2.65342e+247    0    
515    9.71618    10    1000    9.71618    -7.96026e+247    600    
516    9.71618    10    1000    9.71618    2.38808e+248    0    
517    9.71618    10    1000    9.71618    -7.16424e+248    600    
518    9.71618    10    1000    9.71618    2.14927e+249    0    
519    9.71618    10    1000    9.71618    -6.44781e+249    600    
520    9.71618    10    1000    9.71618    1.93434e+250    0    
521    9.71618    10    1000    9.71618    -5.80303e+250    600    
522    9.71618    10    1000    9.71618    1.74091e+251    0    
523    9.71618    10    1000    9.71618    -5.22273e+251    600    
524    9.71618    10    1000    9.71618    1.56682e+252    0    
525    9.71618    10    1000    9.71618    -4.70046e+252    600    
526    9.71618    10    1000    9.71618    1.41014e+253    0    
527    9.71618    10    1000    9.71618    -4.23041e+253    600    
528    9.71618    10    1000    9.71618    1.26912e+254    0    
529    9.71618    10    1000    9.71618    -3.80737e+254    600    
530    9.71618    10    1000    9.71618    1.14221e+255    0    
531    9.71618    10    1000    9.71618    -3.42663e+255    600    
532    9.71618    10    1000    9.71618    1.02799e+256    0    
533    9.71618    10    1000    9.71618    -3.08397e+256    600    
534    9.71618    10    1000    9.71618    9.25191e+256    0    
535    9.71618    10    1000    9.71618    -2.77557e+257    600    
536    9.71618    10    1000    9.71618    8.32672e+257    0    
537    9.71618    10    1000    9.71618    -2.49802e+258    600    
538    9.71618    10    1000    9.71618    7.49405e+258    0    
539    9.71618    10    1000    9.71618    -2.24821e+259    600    
540    9.71618    10    1000    9.71618    6.74464e+259    0    
541    9.71618    10    1000    9.71618    -2.02339e+260    600    
542    9.71618    10    1000    9.71618    6.07018e+260    0    
543    9.71618    10    1000    9.71618    -1.82105e+261    600    
544    9.71618    10    1000    9.71618    5.46316e+261    0    
545    9.71618    10    1000    9.71618    -1.63895e+262    600    
546    9.71618    10    1000    9.71618    4.91684e+262    0    
547    9.71618    10    1000    9.71618    -1.47505e+263    600    
548    9.71618    10    1000    9.71618    4.42516e+263    0    
549    9.71618    10    1000    9.71618    -1.32755e+264    600    
550    9.71618    10    1000    9.71618    3.98264e+264    0    
551    9.71618    10    1000    9.71618    -1.19479e+265    600    
552    9.71618    10    1000    9.71618    3.58438e+265    0    
553    9.71618    10    1000    9.71618    -1.07531e+266    600    
554    9.71618    10    1000    9.71618    3.22594e+266    0    
555    9.71618    10    1000    9.71618    -9.67782e+266    600    
556    9.71618    10    1000    9.71618    2.90335e+267    0    
557    9.71618    10    1000    9.71618    -8.71004e+267    600    
558    9.71618    10    1000    9.71618    2.61301e+268    0    
559    9.71618    10    1000    9.71618    -7.83904e+268    600    
560    9.71618    10    1000    9.71618    2.35171e+269    0    
561    9.71618    10    1000    9.71618    -7.05513e+269    600    
562    9.71618    10    1000    9.71618    2.11654e+270    0    
563    9.71618    10    1000    9.71618    -6.34962e+270    600    
564    9.71618    10    1000    9.71618    1.90489e+271    0    
565    9.71618    10    1000    9.71618    -5.71466e+271    600    
566    9.71618    10    1000    9.71618    1.7144e+272    0    
567    9.71618    10    1000    9.71618    -5.14319e+272    600    
568    9.71618    10    1000    9.71618    1.54296e+273    0    
569    9.71618    10    1000    9.71618    -4.62887e+273    600    
570    9.71618    10    1000    9.71618    1.38866e+274    0    
571    9.71618    10    1000    9.71618    -4.16599e+274    600    
572    9.71618    10    1000    9.71618    1.2498e+275    0    
573    9.71618    10    1000    9.71618    -3.74939e+275    600    
574    9.71618    10    1000    9.71618    1.12482e+276    0    
575    9.71618    10    1000    9.71618    -3.37445e+276    600    
576    9.71618    10    1000    9.71618    1.01233e+277    0    
577    9.71618    10    1000    9.71618    -3.037e+277    600    
578    9.71618    10    1000    9.71618    9.11101e+277    0    
579    9.71618    10    1000    9.71618    -2.7333e+278    600    
580    9.71618    10    1000    9.71618    8.19991e+278    0    
581    9.71618    10    1000    9.71618    -2.45997e+279    600    
582    9.71618    10    1000    9.71618    7.37992e+279    0    
583    9.71618    10    1000    9.71618    -2.21398e+280    600    
584    9.71618    10    1000    9.71618    6.64193e+280    0    
585    9.71618    10    1000    9.71618    -1.99258e+281    600    
586    9.71618    10    1000    9.71618    5.97773e+281    0    
587    9.71618    10    1000    9.71618    -1.79332e+282    600    
588    9.71618    10    1000    9.71618    5.37996e+282    0    
589    9.71618    10    1000    9.71618    -1.61399e+283    600    
590    9.71618    10    1000    9.71618    4.84196e+283    0    
591    9.71618    10    1000    9.71618    -1.45259e+284    600    
592    9.71618    10    1000    9.71618    4.35777e+284    0    
593    9.71618    10    1000    9.71618    -1.30733e+285    600    
594    9.71618    10    1000    9.71618    3.92199e+285    0    
595    9.71618    10    1000    9.71618    -1.1766e+286    600    
596    9.71618    10    1000    9.71618    3.52979e+286    0    
597    9.71618    10    1000    9.71618    -1.05894e+287    600    
598    9.71618    10    1000    9.71618    3.17681e+287    0    
599    9.71618    10    1000    9.71618    -9.53044e+287    600    
600    9.71618    10    1000    9.71618    2.85913e+288    0    
601    9.71618    10    1000    9.71618    -8.57739e+288    600    
602    9.71618    10    1000    9.71618    2.57322e+289    0    
603    9.71618    10    1000    9.71618    -7.71965e+289    600    
604    9.71618    10    1000    9.71618    2.3159e+290    0    
605    9.71618    10    1000    9.71618    -6.94769e+290    600    
606    9.71618    10    1000    9.71618    2.08431e+291    0    
607    9.71618    10    1000    9.71618    -6.25292e+291    600    
608    9.71618    10    1000    9.71618    1.87588e+292    0    
609    9.71618    10    1000    9.71618    -5.62763e+292    600    
610    9.71618    10    1000    9.71618    1.68829e+293    0    
611    9.71618    10    1000    9.71618    -5.06487e+293    600    
612    9.71618    10    1000    9.71618    1.51946e+294    0    
613    9.71618    10    1000    9.71618    -4.55838e+294    600    
614    9.71618    10    1000    9.71618    1.36751e+295    0    
615    9.71618    10    1000    9.71618    -4.10254e+295    600    
616    9.71618    10    1000    9.71618    1.23076e+296    0    
617    9.71618    10    1000    9.71618    -3.69229e+296    600    
618    9.71618    10    1000    9.71618    1.10769e+297    0    
619    9.71618    10    1000    9.71618    -3.32306e+297    600    
620    9.71618    10    1000    9.71618    9.96917e+297    0    
621    9.71618    10    1000    9.71618    -2.99075e+298    600    
622    9.71618    10    1000    9.71618    8.97226e+298    0    
623    9.71618    10    1000    9.71618    -2.69168e+299    600    
624    9.71618    10    1000    9.71618    8.07503e+299    0    
625    9.71618    10    1000    9.71618    -2.42251e+300    600    
626    9.71618    10    1000    9.71618    7.26753e+300    0    
627    9.71618    10    1000    9.71618    -2.18026e+301    600    
628    9.71618    10    1000    9.71618    6.54078e+301    0    
629    9.71618    10    1000    9.71618    -1.96223e+302    600    
630    9.71618    10    1000    9.71618    5.8867e+302    0    
631    9.71618    10    1000    9.71618    -1.76601e+303    600    
632    9.71618    10    1000    9.71618    5.29803e+303    0    
633    9.71618    10    1000    9.71618    -1.58941e+304    600    
634    9.71618    10    1000    9.71618    4.76823e+304    0    
635    9.71618    10    1000    9.71618    -1.43047e+305    600    
636    9.71618    10    1000    9.71618    4.2914e+305    0    
637    9.71618    10    1000    9.71618    -1.28742e+306    600    
638    9.71618    10    1000    9.71618    3.86226e+306    0    
639    9.71618    10    1000    9.71618    -1.15868e+307    600    
640    9.71618    10    1000    9.71618    3.47604e+307    0    
641    9.71618    10    1000    9.71618    -1.04281e+308    600    
642    9.71618    10    1000    9.71618    inf    0    
643    9.71618    10    1000    9.71618    nan    0    
644    9.71618    10    1000    9.71618    nan    0    
645    9.71618    10    1000    9.71618    nan    0    
646    9.71618    10    1000    9.71618    nan    0    
647    9.71618    10    1000    9.71618    nan    0    
648    9.71618    10    1000    9.71618    nan    0    
649    9.71618    10    1000    9.71618    nan    0    
650    9.71618    10    1000    9.71618    nan    0    
651    9.71618    10    1000    9.71618    nan    0    
652    9.71618    10    1000    9.71618    nan    0    
653    9.71618    10    1000    9.71618    nan    0    
654    9.71618    10    1000    9.71618    nan    0    
655    9.71618    10    1000    9.71618    nan    0    
656    9.71618    10    1000    9.71618    nan    0    
657    9.71618    10    1000    9.71618    nan    0    
658    9.71618    10    1000    9.71618    nan    0    
659    9.71618    10    1000    9.71618    nan    0    
660    9.71618    10    1000    9.71618    nan    0    
661    9.71618    10    1000    9.71618    nan    0    
662    9.71618    10    1000    9.71618    nan    0    
663    9.71618    10    1000    9.71618    nan    0    
664    9.71618    10    1000    9.71618    nan    0    
665    9.71618    10    1000    9.71618    nan    0    
666    9.71618    10    1000    9.71618    nan    0    
667    9.71618    10    1000    9.71618    nan    0    
668    9.71618    10    1000    9.71618    nan    0    
669    9.71618    10    1000    9.71618    nan    0    
670    9.71618    10    1000    9.71618    nan    0    
671    9.71618    10    1000    9.71618    nan    0    
672    9.71618    10    1000    9.71618    nan    0    
673    9.71618    10    1000    9.71618    nan    0    
674    9.71618    10    1000    9.71618    nan    0    
675    9.71618    10    1000    9.71618    nan    0    
676    9.71618    10    1000    9.71618    nan    0    
677    9.71618    10    1000    9.71618    nan    0    
678    9.71618    10    1000    9.71618    nan    0    
679    9.71618    10    1000    9.71618    nan    0    
680    9.71618    10    1000    9.71618    nan    0    
681    9.71618    10    1000    9.71618    nan    0    
682    9.71618    10    1000    9.71618    nan    0    
683    9.71618    10    1000    9.71618    nan    0    
684    9.71618    10    1000    9.71618    nan    0    
685    9.71618    10    1000    9.71618    nan    0    
686    9.71618    10    1000    9.71618    nan    0    
687    9.71618    10    1000    9.71618    nan    0    
688    9.71618    10    1000    9.71618    nan    0    
689    9.71618    10    1000    9.71618    nan    0    
690    9.71618    10    1000    9.71618    nan    0    
691    9.71618    10    1000    9.71618    nan    0    
692    9.71618    10    1000    9.71618    nan    0    
693    9.71618    10    1000    9.71618    nan    0    
694    9.71618    10    1000    9.71618    nan    0    
695    9.71618    10    1000    9.71618    nan    0    
696    9.71618    10    1000    9.71618    nan    0    
697    9.71618    10    1000    9.71618    nan    0    
698    9.71618    10    1000    9.71618    nan    0    
699    9.71618    10    1000    9.71618    nan    0    
700    9.71618    10    1000    9.71618    nan    0    
701    9.71618    10    1000    9.71618    nan    0    
702    9.71618    10    1000    9.71618    nan    0    
703    9.71618    10    1000    9.71618    nan    0    
704    9.71618    10    1000    9.71618    nan    0    
705    9.71618    10    1000    9.71618    nan    0    
706    9.71618    10    1000    9.71618    nan    0    
707    9.71618    10    1000    9.71618    nan    0    
708    9.71618    10    1000    9.71618    nan    0    
709    9.71618    10    1000    9.71618    nan    0    
710    9.71618    10    1000    9.71618    nan    0    
711    9.71618    10    1000    9.71618    nan    0    
712    9.71618    10    1000    9.71618    nan    0    
713    9.71618    10    1000    9.71618    nan    0    
714    9.71618    10    1000    9.71618    nan    0    
715    9.71618    10    1000    9.71618    nan    0    
716    9.71618    10    1000    9.71618    nan    0    
717    9.71618    10    1000    9.71618    nan    0    
718    9.71618    10    1000    9.71618    nan    0    
719    9.71618    10    1000    9.71618    nan    0    
720    9.71618    10    1000    9.71618    nan    0    
721    9.71618    10    1000    9.71618    nan    0    
722    9.71618    10    1000    9.71618    nan    0    
723    9.71618    10    1000    9.71618    nan    0    
724    9.71618    10    1000    9.71618    nan    0    
725    9.71618    10    1000    9.71618    nan    0    
726    9.71618    10    1000    9.71618    nan    0    
727    9.71618    10    1000    9.71618    nan    0    
728    9.71618    10    1000    9.71618    nan    0    
729    9.71618    10    1000    9.71618    nan    0    
730    9.71618    10    1000    9.71618    nan    0    
731    9.71618    10    1000    9.71618    nan    0    
732    9.71618    10    1000    9.71618    nan    0    
733    9.71618    10    1000    9.71618    nan    0    
734    9.71618    10    1000    9.71618    nan    0    
735    9.71618    10    1000    9.71618    nan    0    
736    9.71618    10    1000    9.71618    nan    0    
737    9.71618    10    1000    9.71618    nan    0    
738    9.71618    10    1000    9.71618    nan    0    
739    9.71618    10    1000    9.71618    nan    0    
740    9.71618    10    1000    9.71618    nan    0    
741    9.71618    10    1000    9.71618    nan    0    
742    9.71618    10    1000    9.71618    nan    0    
743    9.71618    10    1000    9.71618    nan    0    
744    9.71618    10    1000    9.71618    nan    0    
745    9.71618    10    1000    9.71618    nan    0    
746    9.71618    10    1000    9.71618    nan    0    
747    9.71618    10    1000    9.71618    nan    0    
748    9.71618    10    1000    9.71618    nan    0    
749    9.71618    10    1000    9.71618    nan    0    
750    9.71618    10    1000    9.71618    nan    0    
751    9.71618    10    1000    9.71618    nan    0    
752    9.71618    10    1000    9.71618    nan    0    
753    9.71618    10    1000    9.71618    nan    0    
754    9.71618    10    1000    9.71618    nan    0    
755    9.71618    10    1000    9.71618    nan    0    
756    9.71618    10    1000    9.71618    nan    0    
757    9.71618    10    1000    9.71618    nan    0    
758    9.71618    10    1000    9.71618    nan    0    
759    9.71618    10    1000    9.71618    nan    0    
760    9.71618    10    1000    9.71618    nan    0    
761    9.71618    10    1000    9.71618    nan    0    
762    9.71618    10    1000    9.71618    nan    0    
763    9.71618    10    1000    9.71618    nan    0    
764    9.71618    10    1000    9.71618    nan    0    
765    9.71618    10    1000    9.71618    nan    0    
766    9.71618    10    1000    9.71618    nan    0    
767    9.71618    10    1000    9.71618    nan    0    
768    9.71618    10    1000    9.71618    nan    0    
769    9.71618    10    1000    9.71618    nan    0    
770    9.71618    10    1000    9.71618    nan    0    
771    9.71618    10    1000    9.71618    nan    0    
772    9.71618    10    1000    9.71618    nan    0    
773    9.71618    10    1000    9.71618    nan    0    
774    9.71618    10    1000    9.71618    nan    0    
775    9.71618    10    1000    9.71618    nan    0    
776    9.71618    10    1000    9.71618    nan    0    
777    9.71618    10    1000    9.71618    nan    0    
778    9.71618    10    1000    9.71618    nan    0    
779    9.71618    10    1000    9.71618    nan    0    
780    9.71618    10    1000    9.71618    nan    0    
781    9.71618    10    1000    9.71618    nan    0    
782    9.71618    10    1000    9.71618    nan    0    
783    9.71618    10    1000    9.71618    nan    0    
784    9.71618    10    1000    9.71618    nan    0    
785    9.71618    10    1000    9.71618    nan    0    
786    9.71618    10    1000    9.71618    nan    0    
787    9.71618    10    1000    9.71618    nan    0    
788    9.71618    10    1000    9.71618    nan    0    
789    9.71618    10    1000    9.71618    nan    0    
790    9.71618    10    1000    9.71618    nan    0    
791    9.71618    10    1000    9.71618    nan    0    
792    9.71618    10    1000    9.71618    nan    0    
793    9.71618    10    1000    9.71618    nan    0    
794    9.71618    10    1000    9.71618    nan    0    
795    9.71618    10    1000    9.71618    nan    0    
796    9.71618    10    1000    9.71618    nan    0    
797    9.71618    10    1000    9.71618    nan    0    
798    9.71618    10    1000    9.71618    nan    0    
799    9.71618    10    1000    9.71618    nan    0    
800    9.71618    10    1000    9.71618    nan    0    
801    9.71618    10    1000    9.71618    nan    0    
802    9.71618    10    1000    9.71618    nan    0    
803    9.71618    10    1000    9.71618    nan    0    
804    9.71618    10    1000    9.71618    nan    0    
805    9.71618    10    1000    9.71618    nan    0    
806    9.71618    10    1000    9.71618    nan    0    
807    9.71618    10    1000    9.71618    nan    0    
808    9.71618    10    1000    9.71618    nan    0    
809    9.71618    10    1000    9.71618    nan    0    
810    9.71618    10    1000    9.71618    nan    0    
811    9.71618    10    1000    9.71618    nan    0    
812    9.71618    10    1000    9.71618    nan    0    
813    9.71618    10    1000    9.71618    nan    0    
814    9.71618    10    1000    9.71618    nan    0    
815    9.71618    10    1000    9.71618    nan    0    
816    9.71618    10    1000    9.71618    nan    0    
817    9.71618    10    1000    9.71618    nan    0    
818    9.71618    10    1000    9.71618    nan    0    
819    9.71618    10    1000    9.71618    nan    0    
820    9.71618    10    1000    9.71618    nan    0    
821    9.71618    10    1000    9.71618    nan    0    
822    9.71618    10    1000    9.71618    nan    0    
823    9.71618    10    1000    9.71618    nan    0    
824    9.71618    10    1000    9.71618    nan    0    
825    9.71618    10    1000    9.71618    nan    0    
826    9.71618    10    1000    9.71618    nan    0    
827    9.71618    10    1000    9.71618    nan    0    
828    9.71618    10    1000    9.71618    nan    0    
829    9.71618    10    1000    9.71618    nan    0    
830    9.71618    10    1000    9.71618    nan    0    
831    9.71618    10    1000    9.71618    nan    0    
832    9.71618    10    1000    9.71618    nan    0    
833    9.71618    10    1000    9.71618    nan    0    
834    9.71618    10    1000    9.71618    nan    0    
835    9.71618    10    1000    9.71618    nan    0    
836    9.71618    10    1000    9.71618    nan    0    
837    9.71618    10    1000    9.71618    nan    0    
838    9.71618    10    1000    9.71618    nan    0    
839    9.71618    10    1000    9.71618    nan    0    
840    9.71618    10    1000    9.71618    nan    0    
841    9.71618    10    1000    9.71618    nan    0    
842    9.71618    10    1000    9.71618    nan    0    
843    9.71618    10    1000    9.71618    nan    0    
844    9.71618    10    1000    9.71618    nan    0    
845    9.71618    10    1000    9.71618    nan    0    
846    9.71618    10    1000    9.71618    nan    0    
847    9.71618    10    1000    9.71618    nan    0    
848    9.71618    10    1000    9.71618    nan    0    
849    9.71618    10    1000    9.71618    nan    0    
850    9.71618    10    1000    9.71618    nan    0    
851    9.71618    10    1000    9.71618    nan    0    
852    9.71618    10    1000    9.71618    nan    0    
853    9.71618    10    1000    9.71618    nan    0    
854    9.71618    10    1000    9.71618    nan    0    
855    9.71618    10    1000    9.71618    nan    0    
856    9.71618    10    1000    9.71618    nan    0    
857    9.71618    10    1000    9.71618    nan    0    
858    9.71618    10    1000    9.71618    nan    0    
859    9.71618    10    1000    9.71618    nan    0    
860    9.71618    10    1000    9.71618    nan    0    
861    9.71618    10    1000    9.71618    nan    0    
862    9.71618    10    1000    9.71618    nan    0    
863    9.71618    10    1000    9.71618    nan    0    
864    9.71618    10    1000    9.71618    nan    0    
865    9.71618    10    1000    9.71618    nan    0    
866    9.71618    10    1000    9.71618    nan    0    
867    9.71618    10    1000    9.71618    nan    0    
868    9.71618    10    1000    9.71618    nan    0    
869    9.71618    10    1000    9.71618    nan    0    
870    9.71618    10    1000    9.71618    nan    0    
871    9.71618    10    1000    9.71618    nan    0    
872    9.71618    10    1000    9.71618    nan    0    
873    9.71618    10    1000    9.71618    nan    0    
874    9.71618    10    1000    9.71618    nan    0    
875    9.71618    10    1000    9.71618    nan    0    
876    9.71618    10    1000    9.71618    nan    0    
877    9.71618    10    1000    9.71618    nan    0    
878    9.71618    10    1000    9.71618    nan    0    
879    9.71618    10    1000    9.71618    nan    0    
880    9.71618    10    1000    9.71618    nan    0    
881    9.71618    10    1000    9.71618    nan    0    
882    9.71618    10    1000    9.71618    nan    0    
883    9.71618    10    1000    9.71618    nan    0    
884    9.71618    10    1000    9.71618    nan    0    
885    9.71618    10    1000    9.71618    nan    0    
886    9.71618    10    1000    9.71618    nan    0    
887    9.71618    10    1000    9.71618    nan    0    
888    9.71618    10    1000    9.71618    nan    0    
889    9.71618    10    1000    9.71618    nan    0    
890    9.71618    10    1000    9.71618    nan    0    
891    9.71618    10    1000    9.71618    nan    0    
892    9.71618    10    1000    9.71618    nan    0    
893    9.71618    10    1000    9.71618    nan    0    
894    9.71618    10    1000    9.71618    nan    0    
895    9.71618    10    1000    9.71618    nan    0    
896    9.71618    10    1000    9.71618    nan    0    
897    9.71618    10    1000    9.71618    nan    0    
898    9.71618    10    1000    9.71618    nan    0    
899    9.71618    10    1000    9.71618    nan    0    
900    9.71618    10    1000    9.71618    nan    0    
901    9.71618    10    1000    9.71618    nan    0    
902    9.71618    10    1000    9.71618    nan    0    
903    9.71618    10    1000    9.71618    nan    0    
904    9.71618    10    1000    9.71618    nan    0    
905    9.71618    10    1000    9.71618    nan    0    
906    9.71618    10    1000    9.71618    nan    0    
907    9.71618    10    1000    9.71618    nan    0    
908    9.71618    10    1000    9.71618    nan    0    
909    9.71618    10    1000    9.71618    nan    0    
910    9.71618    10    1000    9.71618    nan    0    
911    9.71618    10    1000    9.71618    nan    0    
912    9.71618    10    1000    9.71618    nan    0    
913    9.71618    10    1000    9.71618    nan    0    
914    9.71618    10    1000    9.71618    nan    0    
915    9.71618    10    1000    9.71618    nan    0    
916    9.71618    10    1000    9.71618    nan    0    
917    9.71618    10    1000    9.71618    nan    0    
918    9.71618    10    1000    9.71618    nan    0    
919    9.71618    10    1000    9.71618    nan    0    
920    9.71618    10    1000    9.71618    nan    0    
921    9.71618    10    1000    9.71618    nan    0    
922    9.71618    10    1000    9.71618    nan    0    
923    9.71618    10    1000    9.71618    nan    0    
924    9.71618    10    1000    9.71618    nan    0    
925    9.71618    10    1000    9.71618    nan    0    
926    9.71618    10    1000    9.71618    nan    0    
927    9.71618    10    1000    9.71618    nan    0    
928    9.71618    10    1000    9.71618    nan    0    
929    9.71618    10    1000    9.71618    nan    0    
930    9.71618    10    1000    9.71618    nan    0    
931    9.71618    10    1000    9.71618    nan    0    
932    9.71618    10    1000    9.71618    nan    0    
933    9.71618    10    1000    9.71618    nan    0    
934    9.71618    10    1000    9.71618    nan    0    
935    9.71618    10    1000    9.71618    nan    0    
936    9.71618    10    1000    9.71618    nan    0    
937    9.71618    10    1000    9.71618    nan    0    
938    9.71618    10    1000    9.71618    nan    0    
939    9.71618    10    1000    9.71618    nan    0    
940    9.71618    10    1000    9.71618    nan    0    
941    9.71618    10    1000    9.71618    nan    0    
942    9.71618    10    1000    9.71618    nan    0    
943    9.71618    10    1000    9.71618    nan    0    
944    9.71618    10    1000    9.71618    nan    0    
945    9.71618    10    1000    9.71618    nan    0    
946    9.71618    10    1000    9.71618    nan    0    
947    9.71618    10    1000    9.71618    nan    0    
948    9.71618    10    1000    9.71618    nan    0    
949    9.71618    10    1000    9.71618    nan    0    
950    9.71618    10    1000    9.71618    nan    0    
951    9.71618    10    1000    9.71618    nan    0    
952    9.71618    10    1000    9.71618    nan    0    
953    9.71618    10    1000    9.71618    nan    0    
954    9.71618    10    1000    9.71618    nan    0    
955    9.71618    10    1000    9.71618    nan    0    
956    9.71618    10    1000    9.71618    nan    0    
957    9.71618    10    1000    9.71618    nan    0    
958    9.71618    10    1000    9.71618    nan    0    
959    9.71618    10    1000    9.71618    nan    0    
960    9.71618    10    1000    9.71618    nan    0    
961    9.71618    10    1000    9.71618    nan    0    
962    9.71618    10    1000    9.71618    nan    0    
963    9.71618    10    1000    9.71618    nan    0    
964    9.71618    10    1000    9.71618    nan    0    
965    9.71618    10    1000    9.71618    nan    0    
966    9.71618    10    1000    9.71618    nan    0    
967    9.71618    10    1000    9.71618    nan    0    
968    9.71618    10    1000    9.71618    nan    0    
969    9.71618    10    1000    9.71618    nan    0    
970    9.71618    10    1000    9.71618    nan    0    
971    9.71618    10    1000    9.71618    nan    0    
972    9.71618    10    1000    9.71618    nan    0    
973    9.71618    10    1000    9.71618    nan    0    
974    9.71618    10    1000    9.71618    nan    0    
975    9.71618    10    1000    9.71618    nan    0    
976    9.71618    10    1000    9.71618    nan    0    
977    9.71618    10    1000    9.71618    nan    0    
978    9.71618    10    1000    9.71618    nan    0    
979    9.71618    10    1000    9.71618    nan    0    
980    9.71618    10    1000    9.71618    nan    0    
981    9.71618    10    1000    9.71618    nan    0    
982    9.71618    10    1000    9.71618    nan    0    
983    9.71618    10    1000    9.71618    nan    0    
984    9.71618    10    1000    9.71618    nan    0    
985    9.71618    10    1000    9.71618    nan    0    
986    9.71618    10    1000    9.71618    nan    0    
987    9.71618    10    1000    9.71618    nan    0    
988    9.71618    10    1000    9.71618    nan    0    
989    9.71618    10    1000    9.71618    nan    0    
990    9.71618    10    1000    9.71618    nan    0    
991    9.71618    10    1000    9.71618    nan    0    
992    9.71618    10    1000    9.71618    nan    0    
993    9.71618    10    1000    9.71618    nan    0    
994    9.71618    10    1000    9.71618    nan    0    
995    9.71618    10    1000    9.71618    nan    0    
996    9.71618    10    1000    9.71618    nan    0    
997    9.71618    10    1000    9.71618    nan    0    
998    9.71618    10    1000    9.71618    nan    0    
999    9.71618    10    1000    9.71618    nan    0    
